,size,component,acc
0,500,1,0.498
1,500,2,0.522
2,500,3,0.581
3,500,4,0.561
4,500,5,0.552
5,500,6,0.574
6,500,7,0.576
7,500,8,0.593
8,500,9,0.586
9,500,10,0.577
10,500,11,0.588
11,500,12,0.575
12,500,13,0.575
13,500,14,0.599
14,500,15,0.597
15,500,16,0.593
16,500,17,0.587
17,500,18,0.587
18,500,19,0.613
19,500,20,0.619
20,500,21,0.612
21,500,22,0.609
22,500,23,0.61
23,500,24,0.605
24,500,25,0.619
25,500,26,0.632
26,500,27,0.614
27,500,28,0.614
28,500,29,0.622
29,500,30,0.624
30,500,31,0.621
31,500,32,0.609
32,500,33,0.615
33,500,34,0.614
34,500,35,0.615
35,500,36,0.618
36,500,37,0.613
37,500,38,0.61
38,500,39,0.619
39,500,40,0.618
40,500,41,0.618
41,500,42,0.623
42,500,43,0.619
43,500,44,0.63
44,500,45,0.62
45,500,46,0.625
46,500,47,0.628
47,500,48,0.625
48,500,49,0.627
49,500,50,0.636
50,500,51,0.627
51,500,52,0.625
52,500,53,0.632
53,500,54,0.628
54,500,55,0.626
55,500,56,0.629
56,500,57,0.627
57,500,58,0.624
58,500,59,0.628
59,500,60,0.627
60,500,61,0.63
61,500,62,0.63
62,500,63,0.634
63,500,64,0.627
64,500,65,0.62
65,500,66,0.626
66,500,67,0.632
67,500,68,0.638
68,500,69,0.638
69,500,70,0.638
70,500,71,0.63
71,500,72,0.634
72,500,73,0.631
73,500,74,0.632
74,500,75,0.626
75,500,76,0.625
76,500,77,0.618
77,500,78,0.626
78,500,79,0.624
79,500,80,0.629
80,500,81,0.624
81,500,82,0.623
82,500,83,0.624
83,500,84,0.624
84,500,85,0.622
85,500,86,0.625
86,500,87,0.625
87,500,88,0.632
88,500,89,0.63
89,500,90,0.628
90,500,91,0.631
91,500,92,0.634
92,500,93,0.631
93,500,94,0.628
94,500,95,0.634
95,500,96,0.636
96,500,97,0.638
97,500,98,0.631
98,500,99,0.629
99,500,100,0.63
100,500,101,0.634
101,500,102,0.627
102,500,103,0.625
103,500,104,0.628
104,500,105,0.626
105,500,106,0.624
106,500,107,0.624
107,500,108,0.623
108,500,109,0.626
109,500,110,0.624
110,500,111,0.624
111,500,112,0.623
112,500,113,0.623
113,500,114,0.63
114,500,115,0.628
115,500,116,0.628
116,500,117,0.625
117,500,118,0.629
118,500,119,0.631
119,500,120,0.629
120,500,121,0.629
121,500,122,0.627
122,500,123,0.624
123,500,124,0.625
124,500,125,0.616
125,500,126,0.621
126,500,127,0.621
127,500,128,0.62
128,500,129,0.621
129,500,130,0.624
130,500,131,0.622
131,500,132,0.628
132,500,133,0.627
133,500,134,0.626
134,500,135,0.626
135,500,136,0.625
136,500,137,0.628
137,500,138,0.624
138,500,139,0.621
139,500,140,0.62
140,500,141,0.618
141,500,142,0.62
142,500,143,0.621
143,500,144,0.621
144,500,145,0.619
145,500,146,0.618
146,500,147,0.618
147,500,148,0.617
148,500,149,0.619
149,500,150,0.615
150,500,151,0.616
151,500,152,0.618
152,500,153,0.619
153,500,154,0.62
154,500,155,0.616
155,500,156,0.612
156,500,157,0.611
157,500,158,0.609
158,500,159,0.61
159,500,160,0.612
160,500,161,0.61
161,500,162,0.611
162,500,163,0.61
163,500,164,0.611
164,500,165,0.612
165,500,166,0.611
166,500,167,0.61
167,500,168,0.61
168,500,169,0.611
169,500,170,0.617
170,500,171,0.615
171,500,172,0.617
172,500,173,0.613
173,500,174,0.613
174,500,175,0.616
175,500,176,0.613
176,500,177,0.614
177,500,178,0.61
178,500,179,0.615
179,500,180,0.615
180,500,181,0.618
181,500,182,0.618
182,500,183,0.617
183,500,184,0.614
184,500,185,0.615
185,500,186,0.612
186,500,187,0.615
187,500,188,0.614
188,500,189,0.613
189,500,190,0.61
190,500,191,0.61
191,500,192,0.611
192,500,193,0.607
193,500,194,0.61
194,500,195,0.613
195,500,196,0.609
196,500,197,0.607
197,500,198,0.613
198,500,199,0.609
199,500,200,0.607
200,500,201,0.608
201,500,202,0.609
202,500,203,0.609
203,500,204,0.609
204,500,205,0.614
205,500,206,0.612
206,500,207,0.614
207,500,208,0.611
208,500,209,0.609
209,500,210,0.61
210,500,211,0.61
211,500,212,0.609
212,500,213,0.61
213,500,214,0.606
214,500,215,0.605
215,500,216,0.605
216,500,217,0.609
217,500,218,0.609
218,500,219,0.607
219,500,220,0.609
220,500,221,0.608
221,500,222,0.607
222,500,223,0.612
223,500,224,0.612
224,500,225,0.616
225,500,226,0.618
226,500,227,0.615
227,500,228,0.612
228,500,229,0.614
229,500,230,0.616
230,500,231,0.616
231,500,232,0.615
232,500,233,0.617
233,500,234,0.611
234,500,235,0.611
235,500,236,0.613
236,500,237,0.609
237,500,238,0.608
238,500,239,0.605
239,500,240,0.607
240,500,241,0.606
241,500,242,0.607
242,500,243,0.61
243,500,244,0.608
244,500,245,0.605
245,500,246,0.603
246,500,247,0.607
247,500,248,0.605
248,500,249,0.602
249,500,250,0.599
250,1000,1,0.498
251,1000,2,0.49
252,1000,3,0.579
253,1000,4,0.57
254,1000,5,0.551
255,1000,6,0.575
256,1000,7,0.593
257,1000,8,0.573
258,1000,9,0.587
259,1000,10,0.59
260,1000,11,0.588
261,1000,12,0.585
262,1000,13,0.588
263,1000,14,0.598
264,1000,15,0.595
265,1000,16,0.589
266,1000,17,0.586
267,1000,18,0.587
268,1000,19,0.587
269,1000,20,0.606
270,1000,21,0.602
271,1000,22,0.596
272,1000,23,0.612
273,1000,24,0.618
274,1000,25,0.612
275,1000,26,0.622
276,1000,27,0.631
277,1000,28,0.637
278,1000,29,0.616
279,1000,30,0.63
280,1000,31,0.638
281,1000,32,0.639
282,1000,33,0.648
283,1000,34,0.642
284,1000,35,0.64
285,1000,36,0.639
286,1000,37,0.642
287,1000,38,0.648
288,1000,39,0.641
289,1000,40,0.641
290,1000,41,0.641
291,1000,42,0.644
292,1000,43,0.644
293,1000,44,0.639
294,1000,45,0.635
295,1000,46,0.64
296,1000,47,0.639
297,1000,48,0.635
298,1000,49,0.635
299,1000,50,0.637
300,1000,51,0.644
301,1000,52,0.643
302,1000,53,0.647
303,1000,54,0.638
304,1000,55,0.651
305,1000,56,0.64
306,1000,57,0.634
307,1000,58,0.634
308,1000,59,0.647
309,1000,60,0.643
310,1000,61,0.64
311,1000,62,0.658
312,1000,63,0.666
313,1000,64,0.663
314,1000,65,0.66
315,1000,66,0.653
316,1000,67,0.648
317,1000,68,0.653
318,1000,69,0.65
319,1000,70,0.66
320,1000,71,0.651
321,1000,72,0.653
322,1000,73,0.657
323,1000,74,0.653
324,1000,75,0.656
325,1000,76,0.658
326,1000,77,0.653
327,1000,78,0.653
328,1000,79,0.658
329,1000,80,0.661
330,1000,81,0.657
331,1000,82,0.657
332,1000,83,0.661
333,1000,84,0.665
334,1000,85,0.666
335,1000,86,0.66
336,1000,87,0.657
337,1000,88,0.661
338,1000,89,0.659
339,1000,90,0.657
340,1000,91,0.653
341,1000,92,0.664
342,1000,93,0.663
343,1000,94,0.666
344,1000,95,0.668
345,1000,96,0.653
346,1000,97,0.661
347,1000,98,0.658
348,1000,99,0.658
349,1000,100,0.658
350,1000,101,0.659
351,1000,102,0.662
352,1000,103,0.662
353,1000,104,0.659
354,1000,105,0.661
355,1000,106,0.668
356,1000,107,0.661
357,1000,108,0.659
358,1000,109,0.659
359,1000,110,0.659
360,1000,111,0.657
361,1000,112,0.655
362,1000,113,0.659
363,1000,114,0.658
364,1000,115,0.661
365,1000,116,0.665
366,1000,117,0.661
367,1000,118,0.66
368,1000,119,0.657
369,1000,120,0.656
370,1000,121,0.657
371,1000,122,0.657
372,1000,123,0.66
373,1000,124,0.655
374,1000,125,0.656
375,1000,126,0.664
376,1000,127,0.662
377,1000,128,0.658
378,1000,129,0.666
379,1000,130,0.658
380,1000,131,0.664
381,1000,132,0.662
382,1000,133,0.657
383,1000,134,0.656
384,1000,135,0.663
385,1000,136,0.662
386,1000,137,0.666
387,1000,138,0.664
388,1000,139,0.667
389,1000,140,0.663
390,1000,141,0.66
391,1000,142,0.661
392,1000,143,0.655
393,1000,144,0.661
394,1000,145,0.662
395,1000,146,0.667
396,1000,147,0.663
397,1000,148,0.661
398,1000,149,0.66
399,1000,150,0.661
400,1000,151,0.664
401,1000,152,0.667
402,1000,153,0.666
403,1000,154,0.669
404,1000,155,0.663
405,1000,156,0.664
406,1000,157,0.661
407,1000,158,0.66
408,1000,159,0.66
409,1000,160,0.663
410,1000,161,0.664
411,1000,162,0.665
412,1000,163,0.668
413,1000,164,0.668
414,1000,165,0.672
415,1000,166,0.669
416,1000,167,0.667
417,1000,168,0.669
418,1000,169,0.668
419,1000,170,0.675
420,1000,171,0.675
421,1000,172,0.674
422,1000,173,0.672
423,1000,174,0.671
424,1000,175,0.669
425,1000,176,0.662
426,1000,177,0.663
427,1000,178,0.665
428,1000,179,0.663
429,1000,180,0.663
430,1000,181,0.661
431,1000,182,0.661
432,1000,183,0.657
433,1000,184,0.661
434,1000,185,0.663
435,1000,186,0.664
436,1000,187,0.663
437,1000,188,0.666
438,1000,189,0.668
439,1000,190,0.664
440,1000,191,0.662
441,1000,192,0.667
442,1000,193,0.665
443,1000,194,0.664
444,1000,195,0.667
445,1000,196,0.664
446,1000,197,0.667
447,1000,198,0.662
448,1000,199,0.661
449,1000,200,0.66
450,1000,201,0.661
451,1000,202,0.665
452,1000,203,0.668
453,1000,204,0.668
454,1000,205,0.668
455,1000,206,0.663
456,1000,207,0.669
457,1000,208,0.67
458,1000,209,0.668
459,1000,210,0.665
460,1000,211,0.666
461,1000,212,0.664
462,1000,213,0.666
463,1000,214,0.67
464,1000,215,0.669
465,1000,216,0.665
466,1000,217,0.667
467,1000,218,0.666
468,1000,219,0.664
469,1000,220,0.671
470,1000,221,0.668
471,1000,222,0.666
472,1000,223,0.667
473,1000,224,0.67
474,1000,225,0.676
475,1000,226,0.675
476,1000,227,0.673
477,1000,228,0.672
478,1000,229,0.673
479,1000,230,0.67
480,1000,231,0.671
481,1000,232,0.664
482,1000,233,0.666
483,1000,234,0.668
484,1000,235,0.667
485,1000,236,0.666
486,1000,237,0.661
487,1000,238,0.663
488,1000,239,0.664
489,1000,240,0.662
490,1000,241,0.661
491,1000,242,0.663
492,1000,243,0.662
493,1000,244,0.665
494,1000,245,0.664
495,1000,246,0.664
496,1000,247,0.667
497,1000,248,0.67
498,1000,249,0.672
499,1000,250,0.667
500,2000,1,0.498
501,2000,2,0.51
502,2000,3,0.575
503,2000,4,0.565
504,2000,5,0.556
505,2000,6,0.567
506,2000,7,0.599
507,2000,8,0.578
508,2000,9,0.601
509,2000,10,0.603
510,2000,11,0.594
511,2000,12,0.602
512,2000,13,0.589
513,2000,14,0.597
514,2000,15,0.594
515,2000,16,0.592
516,2000,17,0.58
517,2000,18,0.591
518,2000,19,0.581
519,2000,20,0.592
520,2000,21,0.599
521,2000,22,0.603
522,2000,23,0.604
523,2000,24,0.607
524,2000,25,0.618
525,2000,26,0.623
526,2000,27,0.619
527,2000,28,0.62
528,2000,29,0.629
529,2000,30,0.636
530,2000,31,0.643
531,2000,32,0.639
532,2000,33,0.641
533,2000,34,0.631
534,2000,35,0.636
535,2000,36,0.635
536,2000,37,0.636
537,2000,38,0.641
538,2000,39,0.636
539,2000,40,0.642
540,2000,41,0.641
541,2000,42,0.639
542,2000,43,0.648
543,2000,44,0.65
544,2000,45,0.646
545,2000,46,0.646
546,2000,47,0.646
547,2000,48,0.648
548,2000,49,0.642
549,2000,50,0.643
550,2000,51,0.649
551,2000,52,0.645
552,2000,53,0.649
553,2000,54,0.641
554,2000,55,0.644
555,2000,56,0.645
556,2000,57,0.653
557,2000,58,0.657
558,2000,59,0.662
559,2000,60,0.656
560,2000,61,0.66
561,2000,62,0.655
562,2000,63,0.663
563,2000,64,0.664
564,2000,65,0.66
565,2000,66,0.673
566,2000,67,0.677
567,2000,68,0.666
568,2000,69,0.661
569,2000,70,0.661
570,2000,71,0.662
571,2000,72,0.665
572,2000,73,0.668
573,2000,74,0.662
574,2000,75,0.666
575,2000,76,0.67
576,2000,77,0.673
577,2000,78,0.676
578,2000,79,0.674
579,2000,80,0.678
580,2000,81,0.669
581,2000,82,0.676
582,2000,83,0.673
583,2000,84,0.672
584,2000,85,0.673
585,2000,86,0.67
586,2000,87,0.668
587,2000,88,0.659
588,2000,89,0.659
589,2000,90,0.656
590,2000,91,0.663
591,2000,92,0.66
592,2000,93,0.665
593,2000,94,0.663
594,2000,95,0.663
595,2000,96,0.656
596,2000,97,0.663
597,2000,98,0.657
598,2000,99,0.659
599,2000,100,0.66
600,2000,101,0.661
601,2000,102,0.665
602,2000,103,0.661
603,2000,104,0.662
604,2000,105,0.661
605,2000,106,0.668
606,2000,107,0.663
607,2000,108,0.658
608,2000,109,0.665
609,2000,110,0.666
610,2000,111,0.668
611,2000,112,0.667
612,2000,113,0.675
613,2000,114,0.677
614,2000,115,0.67
615,2000,116,0.672
616,2000,117,0.668
617,2000,118,0.678
618,2000,119,0.668
619,2000,120,0.67
620,2000,121,0.663
621,2000,122,0.664
622,2000,123,0.674
623,2000,124,0.669
624,2000,125,0.675
625,2000,126,0.676
626,2000,127,0.671
627,2000,128,0.674
628,2000,129,0.675
629,2000,130,0.667
630,2000,131,0.668
631,2000,132,0.667
632,2000,133,0.666
633,2000,134,0.672
634,2000,135,0.664
635,2000,136,0.663
636,2000,137,0.671
637,2000,138,0.672
638,2000,139,0.674
639,2000,140,0.674
640,2000,141,0.675
641,2000,142,0.672
642,2000,143,0.675
643,2000,144,0.674
644,2000,145,0.677
645,2000,146,0.677
646,2000,147,0.682
647,2000,148,0.681
648,2000,149,0.675
649,2000,150,0.676
650,2000,151,0.681
651,2000,152,0.682
652,2000,153,0.679
653,2000,154,0.676
654,2000,155,0.678
655,2000,156,0.674
656,2000,157,0.681
657,2000,158,0.678
658,2000,159,0.681
659,2000,160,0.683
660,2000,161,0.675
661,2000,162,0.675
662,2000,163,0.675
663,2000,164,0.677
664,2000,165,0.674
665,2000,166,0.676
666,2000,167,0.682
667,2000,168,0.675
668,2000,169,0.681
669,2000,170,0.681
670,2000,171,0.675
671,2000,172,0.673
672,2000,173,0.673
673,2000,174,0.675
674,2000,175,0.677
675,2000,176,0.673
676,2000,177,0.677
677,2000,178,0.673
678,2000,179,0.675
679,2000,180,0.675
680,2000,181,0.678
681,2000,182,0.673
682,2000,183,0.67
683,2000,184,0.673
684,2000,185,0.671
685,2000,186,0.669
686,2000,187,0.666
687,2000,188,0.665
688,2000,189,0.666
689,2000,190,0.667
690,2000,191,0.672
691,2000,192,0.669
692,2000,193,0.67
693,2000,194,0.675
694,2000,195,0.673
695,2000,196,0.674
696,2000,197,0.674
697,2000,198,0.666
698,2000,199,0.671
699,2000,200,0.669
700,2000,201,0.666
701,2000,202,0.669
702,2000,203,0.668
703,2000,204,0.665
704,2000,205,0.67
705,2000,206,0.669
706,2000,207,0.667
707,2000,208,0.67
708,2000,209,0.664
709,2000,210,0.661
710,2000,211,0.662
711,2000,212,0.663
712,2000,213,0.664
713,2000,214,0.666
714,2000,215,0.665
715,2000,216,0.667
716,2000,217,0.669
717,2000,218,0.673
718,2000,219,0.675
719,2000,220,0.671
720,2000,221,0.669
721,2000,222,0.671
722,2000,223,0.668
723,2000,224,0.662
724,2000,225,0.66
725,2000,226,0.66
726,2000,227,0.656
727,2000,228,0.656
728,2000,229,0.662
729,2000,230,0.659
730,2000,231,0.661
731,2000,232,0.668
732,2000,233,0.666
733,2000,234,0.667
734,2000,235,0.667
735,2000,236,0.67
736,2000,237,0.668
737,2000,238,0.672
738,2000,239,0.675
739,2000,240,0.675
740,2000,241,0.672
741,2000,242,0.67
742,2000,243,0.663
743,2000,244,0.667
744,2000,245,0.669
745,2000,246,0.668
746,2000,247,0.667
747,2000,248,0.673
748,2000,249,0.67
749,2000,250,0.671
750,3000,1,0.498
751,3000,2,0.506
752,3000,3,0.567
753,3000,4,0.567
754,3000,5,0.564
755,3000,6,0.568
756,3000,7,0.583
757,3000,8,0.588
758,3000,9,0.583
759,3000,10,0.589
760,3000,11,0.584
761,3000,12,0.589
762,3000,13,0.579
763,3000,14,0.582
764,3000,15,0.58
765,3000,16,0.585
766,3000,17,0.587
767,3000,18,0.59
768,3000,19,0.587
769,3000,20,0.599
770,3000,21,0.594
771,3000,22,0.593
772,3000,23,0.597
773,3000,24,0.604
774,3000,25,0.612
775,3000,26,0.616
776,3000,27,0.617
777,3000,28,0.617
778,3000,29,0.613
779,3000,30,0.628
780,3000,31,0.63
781,3000,32,0.628
782,3000,33,0.622
783,3000,34,0.631
784,3000,35,0.638
785,3000,36,0.642
786,3000,37,0.633
787,3000,38,0.631
788,3000,39,0.633
789,3000,40,0.637
790,3000,41,0.635
791,3000,42,0.635
792,3000,43,0.633
793,3000,44,0.633
794,3000,45,0.635
795,3000,46,0.637
796,3000,47,0.634
797,3000,48,0.634
798,3000,49,0.631
799,3000,50,0.636
800,3000,51,0.628
801,3000,52,0.628
802,3000,53,0.63
803,3000,54,0.637
804,3000,55,0.633
805,3000,56,0.639
806,3000,57,0.651
807,3000,58,0.643
808,3000,59,0.652
809,3000,60,0.651
810,3000,61,0.659
811,3000,62,0.648
812,3000,63,0.654
813,3000,64,0.648
814,3000,65,0.657
815,3000,66,0.656
816,3000,67,0.658
817,3000,68,0.654
818,3000,69,0.656
819,3000,70,0.654
820,3000,71,0.656
821,3000,72,0.657
822,3000,73,0.655
823,3000,74,0.661
824,3000,75,0.659
825,3000,76,0.66
826,3000,77,0.657
827,3000,78,0.661
828,3000,79,0.668
829,3000,80,0.663
830,3000,81,0.665
831,3000,82,0.654
832,3000,83,0.662
833,3000,84,0.662
834,3000,85,0.662
835,3000,86,0.658
836,3000,87,0.658
837,3000,88,0.659
838,3000,89,0.664
839,3000,90,0.661
840,3000,91,0.66
841,3000,92,0.66
842,3000,93,0.661
843,3000,94,0.659
844,3000,95,0.661
845,3000,96,0.659
846,3000,97,0.658
847,3000,98,0.659
848,3000,99,0.66
849,3000,100,0.658
850,3000,101,0.663
851,3000,102,0.661
852,3000,103,0.661
853,3000,104,0.66
854,3000,105,0.668
855,3000,106,0.666
856,3000,107,0.66
857,3000,108,0.663
858,3000,109,0.664
859,3000,110,0.668
860,3000,111,0.663
861,3000,112,0.66
862,3000,113,0.66
863,3000,114,0.661
864,3000,115,0.656
865,3000,116,0.661
866,3000,117,0.66
867,3000,118,0.663
868,3000,119,0.665
869,3000,120,0.664
870,3000,121,0.664
871,3000,122,0.666
872,3000,123,0.662
873,3000,124,0.665
874,3000,125,0.666
875,3000,126,0.662
876,3000,127,0.663
877,3000,128,0.663
878,3000,129,0.665
879,3000,130,0.664
880,3000,131,0.662
881,3000,132,0.661
882,3000,133,0.664
883,3000,134,0.667
884,3000,135,0.671
885,3000,136,0.673
886,3000,137,0.668
887,3000,138,0.666
888,3000,139,0.668
889,3000,140,0.664
890,3000,141,0.669
891,3000,142,0.667
892,3000,143,0.67
893,3000,144,0.667
894,3000,145,0.669
895,3000,146,0.67
896,3000,147,0.671
897,3000,148,0.674
898,3000,149,0.672
899,3000,150,0.673
900,3000,151,0.68
901,3000,152,0.675
902,3000,153,0.677
903,3000,154,0.675
904,3000,155,0.679
905,3000,156,0.676
906,3000,157,0.677
907,3000,158,0.681
908,3000,159,0.682
909,3000,160,0.673
910,3000,161,0.675
911,3000,162,0.678
912,3000,163,0.677
913,3000,164,0.682
914,3000,165,0.683
915,3000,166,0.681
916,3000,167,0.681
917,3000,168,0.684
918,3000,169,0.68
919,3000,170,0.677
920,3000,171,0.68
921,3000,172,0.676
922,3000,173,0.678
923,3000,174,0.679
924,3000,175,0.681
925,3000,176,0.68
926,3000,177,0.683
927,3000,178,0.68
928,3000,179,0.68
929,3000,180,0.686
930,3000,181,0.683
931,3000,182,0.679
932,3000,183,0.679
933,3000,184,0.676
934,3000,185,0.68
935,3000,186,0.684
936,3000,187,0.681
937,3000,188,0.679
938,3000,189,0.678
939,3000,190,0.681
940,3000,191,0.674
941,3000,192,0.678
942,3000,193,0.677
943,3000,194,0.676
944,3000,195,0.681
945,3000,196,0.679
946,3000,197,0.685
947,3000,198,0.68
948,3000,199,0.68
949,3000,200,0.68
950,3000,201,0.678
951,3000,202,0.68
952,3000,203,0.677
953,3000,204,0.679
954,3000,205,0.68
955,3000,206,0.683
956,3000,207,0.68
957,3000,208,0.677
958,3000,209,0.683
959,3000,210,0.677
960,3000,211,0.679
961,3000,212,0.678
962,3000,213,0.671
963,3000,214,0.675
964,3000,215,0.676
965,3000,216,0.673
966,3000,217,0.675
967,3000,218,0.676
968,3000,219,0.677
969,3000,220,0.676
970,3000,221,0.674
971,3000,222,0.672
972,3000,223,0.669
973,3000,224,0.679
974,3000,225,0.677
975,3000,226,0.676
976,3000,227,0.671
977,3000,228,0.676
978,3000,229,0.675
979,3000,230,0.675
980,3000,231,0.675
981,3000,232,0.673
982,3000,233,0.677
983,3000,234,0.678
984,3000,235,0.673
985,3000,236,0.672
986,3000,237,0.671
987,3000,238,0.677
988,3000,239,0.674
989,3000,240,0.673
990,3000,241,0.671
991,3000,242,0.669
992,3000,243,0.667
993,3000,244,0.67
994,3000,245,0.674
995,3000,246,0.674
996,3000,247,0.674
997,3000,248,0.67
998,3000,249,0.669
999,3000,250,0.67
1000,4000,1,0.502
1001,4000,2,0.5
1002,4000,3,0.574
1003,4000,4,0.563
1004,4000,5,0.549
1005,4000,6,0.566
1006,4000,7,0.585
1007,4000,8,0.581
1008,4000,9,0.581
1009,4000,10,0.597
1010,4000,11,0.59
1011,4000,12,0.59
1012,4000,13,0.581
1013,4000,14,0.592
1014,4000,15,0.584
1015,4000,16,0.597
1016,4000,17,0.59
1017,4000,18,0.589
1018,4000,19,0.591
1019,4000,20,0.593
1020,4000,21,0.595
1021,4000,22,0.611
1022,4000,23,0.604
1023,4000,24,0.617
1024,4000,25,0.617
1025,4000,26,0.621
1026,4000,27,0.622
1027,4000,28,0.625
1028,4000,29,0.621
1029,4000,30,0.636
1030,4000,31,0.635
1031,4000,32,0.634
1032,4000,33,0.627
1033,4000,34,0.632
1034,4000,35,0.637
1035,4000,36,0.637
1036,4000,37,0.636
1037,4000,38,0.636
1038,4000,39,0.639
1039,4000,40,0.642
1040,4000,41,0.642
1041,4000,42,0.645
1042,4000,43,0.645
1043,4000,44,0.633
1044,4000,45,0.634
1045,4000,46,0.641
1046,4000,47,0.64
1047,4000,48,0.638
1048,4000,49,0.633
1049,4000,50,0.638
1050,4000,51,0.638
1051,4000,52,0.638
1052,4000,53,0.64
1053,4000,54,0.643
1054,4000,55,0.639
1055,4000,56,0.648
1056,4000,57,0.656
1057,4000,58,0.649
1058,4000,59,0.653
1059,4000,60,0.657
1060,4000,61,0.661
1061,4000,62,0.659
1062,4000,63,0.664
1063,4000,64,0.666
1064,4000,65,0.673
1065,4000,66,0.67
1066,4000,67,0.669
1067,4000,68,0.669
1068,4000,69,0.662
1069,4000,70,0.672
1070,4000,71,0.666
1071,4000,72,0.663
1072,4000,73,0.667
1073,4000,74,0.666
1074,4000,75,0.672
1075,4000,76,0.668
1076,4000,77,0.671
1077,4000,78,0.671
1078,4000,79,0.67
1079,4000,80,0.672
1080,4000,81,0.671
1081,4000,82,0.666
1082,4000,83,0.672
1083,4000,84,0.671
1084,4000,85,0.667
1085,4000,86,0.669
1086,4000,87,0.667
1087,4000,88,0.671
1088,4000,89,0.673
1089,4000,90,0.676
1090,4000,91,0.667
1091,4000,92,0.668
1092,4000,93,0.67
1093,4000,94,0.663
1094,4000,95,0.669
1095,4000,96,0.666
1096,4000,97,0.666
1097,4000,98,0.665
1098,4000,99,0.664
1099,4000,100,0.667
1100,4000,101,0.669
1101,4000,102,0.662
1102,4000,103,0.666
1103,4000,104,0.667
1104,4000,105,0.667
1105,4000,106,0.664
1106,4000,107,0.671
1107,4000,108,0.673
1108,4000,109,0.675
1109,4000,110,0.675
1110,4000,111,0.674
1111,4000,112,0.673
1112,4000,113,0.671
1113,4000,114,0.675
1114,4000,115,0.674
1115,4000,116,0.673
1116,4000,117,0.675
1117,4000,118,0.677
1118,4000,119,0.676
1119,4000,120,0.679
1120,4000,121,0.681
1121,4000,122,0.681
1122,4000,123,0.684
1123,4000,124,0.68
1124,4000,125,0.685
1125,4000,126,0.69
1126,4000,127,0.686
1127,4000,128,0.687
1128,4000,129,0.683
1129,4000,130,0.684
1130,4000,131,0.688
1131,4000,132,0.684
1132,4000,133,0.682
1133,4000,134,0.688
1134,4000,135,0.687
1135,4000,136,0.684
1136,4000,137,0.684
1137,4000,138,0.689
1138,4000,139,0.686
1139,4000,140,0.689
1140,4000,141,0.688
1141,4000,142,0.687
1142,4000,143,0.69
1143,4000,144,0.684
1144,4000,145,0.687
1145,4000,146,0.688
1146,4000,147,0.688
1147,4000,148,0.686
1148,4000,149,0.685
1149,4000,150,0.684
1150,4000,151,0.687
1151,4000,152,0.685
1152,4000,153,0.687
1153,4000,154,0.687
1154,4000,155,0.686
1155,4000,156,0.688
1156,4000,157,0.686
1157,4000,158,0.685
1158,4000,159,0.691
1159,4000,160,0.69
1160,4000,161,0.692
1161,4000,162,0.69
1162,4000,163,0.687
1163,4000,164,0.689
1164,4000,165,0.688
1165,4000,166,0.695
1166,4000,167,0.697
1167,4000,168,0.696
1168,4000,169,0.691
1169,4000,170,0.693
1170,4000,171,0.696
1171,4000,172,0.694
1172,4000,173,0.692
1173,4000,174,0.686
1174,4000,175,0.688
1175,4000,176,0.692
1176,4000,177,0.69
1177,4000,178,0.697
1178,4000,179,0.69
1179,4000,180,0.693
1180,4000,181,0.691
1181,4000,182,0.688
1182,4000,183,0.697
1183,4000,184,0.696
1184,4000,185,0.696
1185,4000,186,0.697
1186,4000,187,0.697
1187,4000,188,0.691
1188,4000,189,0.691
1189,4000,190,0.691
1190,4000,191,0.689
1191,4000,192,0.69
1192,4000,193,0.694
1193,4000,194,0.687
1194,4000,195,0.688
1195,4000,196,0.69
1196,4000,197,0.69
1197,4000,198,0.688
1198,4000,199,0.691
1199,4000,200,0.688
1200,4000,201,0.691
1201,4000,202,0.691
1202,4000,203,0.69
1203,4000,204,0.686
1204,4000,205,0.687
1205,4000,206,0.691
1206,4000,207,0.688
1207,4000,208,0.689
1208,4000,209,0.692
1209,4000,210,0.688
1210,4000,211,0.691
1211,4000,212,0.693
1212,4000,213,0.688
1213,4000,214,0.69
1214,4000,215,0.691
1215,4000,216,0.689
1216,4000,217,0.687
1217,4000,218,0.69
1218,4000,219,0.688
1219,4000,220,0.69
1220,4000,221,0.688
1221,4000,222,0.687
1222,4000,223,0.694
1223,4000,224,0.695
1224,4000,225,0.693
1225,4000,226,0.694
1226,4000,227,0.69
1227,4000,228,0.688
1228,4000,229,0.689
1229,4000,230,0.688
1230,4000,231,0.687
1231,4000,232,0.686
1232,4000,233,0.687
1233,4000,234,0.685
1234,4000,235,0.688
1235,4000,236,0.686
1236,4000,237,0.69
1237,4000,238,0.689
1238,4000,239,0.69
1239,4000,240,0.69
1240,4000,241,0.687
1241,4000,242,0.687
1242,4000,243,0.687
1243,4000,244,0.687
1244,4000,245,0.685
1245,4000,246,0.691
1246,4000,247,0.692
1247,4000,248,0.69
1248,4000,249,0.688
1249,4000,250,0.686
1250,5000,1,0.502
1251,5000,2,0.5
1252,5000,3,0.574
1253,5000,4,0.569
1254,5000,5,0.553
1255,5000,6,0.569
1256,5000,7,0.586
1257,5000,8,0.585
1258,5000,9,0.577
1259,5000,10,0.589
1260,5000,11,0.597
1261,5000,12,0.604
1262,5000,13,0.588
1263,5000,14,0.602
1264,5000,15,0.6
1265,5000,16,0.601
1266,5000,17,0.601
1267,5000,18,0.605
1268,5000,19,0.603
1269,5000,20,0.607
1270,5000,21,0.606
1271,5000,22,0.611
1272,5000,23,0.616
1273,5000,24,0.62
1274,5000,25,0.621
1275,5000,26,0.622
1276,5000,27,0.619
1277,5000,28,0.621
1278,5000,29,0.62
1279,5000,30,0.635
1280,5000,31,0.634
1281,5000,32,0.64
1282,5000,33,0.633
1283,5000,34,0.643
1284,5000,35,0.641
1285,5000,36,0.639
1286,5000,37,0.648
1287,5000,38,0.646
1288,5000,39,0.651
1289,5000,40,0.647
1290,5000,41,0.642
1291,5000,42,0.649
1292,5000,43,0.649
1293,5000,44,0.646
1294,5000,45,0.648
1295,5000,46,0.652
1296,5000,47,0.653
1297,5000,48,0.659
1298,5000,49,0.654
1299,5000,50,0.652
1300,5000,51,0.655
1301,5000,52,0.653
1302,5000,53,0.663
1303,5000,54,0.655
1304,5000,55,0.66
1305,5000,56,0.661
1306,5000,57,0.664
1307,5000,58,0.662
1308,5000,59,0.661
1309,5000,60,0.665
1310,5000,61,0.665
1311,5000,62,0.667
1312,5000,63,0.669
1313,5000,64,0.67
1314,5000,65,0.671
1315,5000,66,0.671
1316,5000,67,0.67
1317,5000,68,0.665
1318,5000,69,0.668
1319,5000,70,0.671
1320,5000,71,0.672
1321,5000,72,0.672
1322,5000,73,0.67
1323,5000,74,0.673
1324,5000,75,0.671
1325,5000,76,0.667
1326,5000,77,0.668
1327,5000,78,0.669
1328,5000,79,0.671
1329,5000,80,0.666
1330,5000,81,0.667
1331,5000,82,0.673
1332,5000,83,0.671
1333,5000,84,0.675
1334,5000,85,0.678
1335,5000,86,0.664
1336,5000,87,0.671
1337,5000,88,0.673
1338,5000,89,0.672
1339,5000,90,0.672
1340,5000,91,0.673
1341,5000,92,0.671
1342,5000,93,0.667
1343,5000,94,0.661
1344,5000,95,0.667
1345,5000,96,0.667
1346,5000,97,0.672
1347,5000,98,0.67
1348,5000,99,0.67
1349,5000,100,0.674
1350,5000,101,0.676
1351,5000,102,0.678
1352,5000,103,0.673
1353,5000,104,0.675
1354,5000,105,0.674
1355,5000,106,0.673
1356,5000,107,0.672
1357,5000,108,0.674
1358,5000,109,0.676
1359,5000,110,0.678
1360,5000,111,0.682
1361,5000,112,0.681
1362,5000,113,0.686
1363,5000,114,0.689
1364,5000,115,0.684
1365,5000,116,0.684
1366,5000,117,0.687
1367,5000,118,0.68
1368,5000,119,0.682
1369,5000,120,0.68
1370,5000,121,0.683
1371,5000,122,0.681
1372,5000,123,0.684
1373,5000,124,0.686
1374,5000,125,0.682
1375,5000,126,0.683
1376,5000,127,0.681
1377,5000,128,0.681
1378,5000,129,0.687
1379,5000,130,0.691
1380,5000,131,0.685
1381,5000,132,0.691
1382,5000,133,0.688
1383,5000,134,0.69
1384,5000,135,0.692
1385,5000,136,0.687
1386,5000,137,0.69
1387,5000,138,0.69
1388,5000,139,0.689
1389,5000,140,0.687
1390,5000,141,0.684
1391,5000,142,0.683
1392,5000,143,0.685
1393,5000,144,0.687
1394,5000,145,0.687
1395,5000,146,0.687
1396,5000,147,0.682
1397,5000,148,0.686
1398,5000,149,0.687
1399,5000,150,0.682
1400,5000,151,0.686
1401,5000,152,0.687
1402,5000,153,0.692
1403,5000,154,0.69
1404,5000,155,0.69
1405,5000,156,0.688
1406,5000,157,0.689
1407,5000,158,0.691
1408,5000,159,0.693
1409,5000,160,0.697
1410,5000,161,0.694
1411,5000,162,0.695
1412,5000,163,0.691
1413,5000,164,0.692
1414,5000,165,0.695
1415,5000,166,0.696
1416,5000,167,0.695
1417,5000,168,0.693
1418,5000,169,0.693
1419,5000,170,0.695
1420,5000,171,0.695
1421,5000,172,0.696
1422,5000,173,0.696
1423,5000,174,0.693
1424,5000,175,0.692
1425,5000,176,0.684
1426,5000,177,0.685
1427,5000,178,0.692
1428,5000,179,0.692
1429,5000,180,0.695
1430,5000,181,0.693
1431,5000,182,0.694
1432,5000,183,0.693
1433,5000,184,0.693
1434,5000,185,0.692
1435,5000,186,0.691
1436,5000,187,0.691
1437,5000,188,0.691
1438,5000,189,0.693
1439,5000,190,0.693
1440,5000,191,0.693
1441,5000,192,0.695
1442,5000,193,0.694
1443,5000,194,0.691
1444,5000,195,0.689
1445,5000,196,0.691
1446,5000,197,0.689
1447,5000,198,0.69
1448,5000,199,0.689
1449,5000,200,0.687
1450,5000,201,0.691
1451,5000,202,0.692
1452,5000,203,0.694
1453,5000,204,0.693
1454,5000,205,0.693
1455,5000,206,0.695
1456,5000,207,0.701
1457,5000,208,0.698
1458,5000,209,0.702
1459,5000,210,0.7
1460,5000,211,0.699
1461,5000,212,0.699
1462,5000,213,0.698
1463,5000,214,0.693
1464,5000,215,0.693
1465,5000,216,0.693
1466,5000,217,0.698
1467,5000,218,0.697
1468,5000,219,0.698
1469,5000,220,0.698
1470,5000,221,0.699
1471,5000,222,0.697
1472,5000,223,0.697
1473,5000,224,0.699
1474,5000,225,0.697
1475,5000,226,0.698
1476,5000,227,0.698
1477,5000,228,0.7
1478,5000,229,0.7
1479,5000,230,0.7
1480,5000,231,0.701
1481,5000,232,0.7
1482,5000,233,0.7
1483,5000,234,0.699
1484,5000,235,0.7
1485,5000,236,0.699
1486,5000,237,0.699
1487,5000,238,0.697
1488,5000,239,0.696
1489,5000,240,0.697
1490,5000,241,0.7
1491,5000,242,0.697
1492,5000,243,0.694
1493,5000,244,0.698
1494,5000,245,0.699
1495,5000,246,0.697
1496,5000,247,0.697
1497,5000,248,0.696
1498,5000,249,0.698
1499,5000,250,0.696
1500,6000,1,0.502
1501,6000,2,0.513
1502,6000,3,0.582
1503,6000,4,0.574
1504,6000,5,0.56
1505,6000,6,0.565
1506,6000,7,0.596
1507,6000,8,0.591
1508,6000,9,0.592
1509,6000,10,0.606
1510,6000,11,0.604
1511,6000,12,0.61
1512,6000,13,0.601
1513,6000,14,0.604
1514,6000,15,0.595
1515,6000,16,0.602
1516,6000,17,0.601
1517,6000,18,0.601
1518,6000,19,0.6
1519,6000,20,0.605
1520,6000,21,0.608
1521,6000,22,0.607
1522,6000,23,0.617
1523,6000,24,0.62
1524,6000,25,0.626
1525,6000,26,0.632
1526,6000,27,0.627
1527,6000,28,0.63
1528,6000,29,0.636
1529,6000,30,0.652
1530,6000,31,0.649
1531,6000,32,0.649
1532,6000,33,0.648
1533,6000,34,0.651
1534,6000,35,0.651
1535,6000,36,0.647
1536,6000,37,0.65
1537,6000,38,0.65
1538,6000,39,0.648
1539,6000,40,0.645
1540,6000,41,0.644
1541,6000,42,0.657
1542,6000,43,0.649
1543,6000,44,0.652
1544,6000,45,0.649
1545,6000,46,0.659
1546,6000,47,0.652
1547,6000,48,0.655
1548,6000,49,0.653
1549,6000,50,0.655
1550,6000,51,0.651
1551,6000,52,0.654
1552,6000,53,0.654
1553,6000,54,0.656
1554,6000,55,0.653
1555,6000,56,0.661
1556,6000,57,0.659
1557,6000,58,0.667
1558,6000,59,0.673
1559,6000,60,0.669
1560,6000,61,0.673
1561,6000,62,0.669
1562,6000,63,0.666
1563,6000,64,0.673
1564,6000,65,0.673
1565,6000,66,0.679
1566,6000,67,0.676
1567,6000,68,0.672
1568,6000,69,0.677
1569,6000,70,0.676
1570,6000,71,0.675
1571,6000,72,0.677
1572,6000,73,0.673
1573,6000,74,0.674
1574,6000,75,0.674
1575,6000,76,0.676
1576,6000,77,0.671
1577,6000,78,0.675
1578,6000,79,0.672
1579,6000,80,0.676
1580,6000,81,0.676
1581,6000,82,0.671
1582,6000,83,0.665
1583,6000,84,0.669
1584,6000,85,0.675
1585,6000,86,0.674
1586,6000,87,0.671
1587,6000,88,0.669
1588,6000,89,0.669
1589,6000,90,0.672
1590,6000,91,0.665
1591,6000,92,0.67
1592,6000,93,0.669
1593,6000,94,0.671
1594,6000,95,0.67
1595,6000,96,0.666
1596,6000,97,0.662
1597,6000,98,0.662
1598,6000,99,0.668
1599,6000,100,0.674
1600,6000,101,0.678
1601,6000,102,0.677
1602,6000,103,0.673
1603,6000,104,0.671
1604,6000,105,0.677
1605,6000,106,0.674
1606,6000,107,0.676
1607,6000,108,0.678
1608,6000,109,0.681
1609,6000,110,0.682
1610,6000,111,0.681
1611,6000,112,0.683
1612,6000,113,0.679
1613,6000,114,0.681
1614,6000,115,0.68
1615,6000,116,0.681
1616,6000,117,0.681
1617,6000,118,0.682
1618,6000,119,0.68
1619,6000,120,0.684
1620,6000,121,0.677
1621,6000,122,0.68
1622,6000,123,0.681
1623,6000,124,0.683
1624,6000,125,0.683
1625,6000,126,0.685
1626,6000,127,0.684
1627,6000,128,0.686
1628,6000,129,0.678
1629,6000,130,0.681
1630,6000,131,0.681
1631,6000,132,0.682
1632,6000,133,0.683
1633,6000,134,0.68
1634,6000,135,0.681
1635,6000,136,0.682
1636,6000,137,0.683
1637,6000,138,0.68
1638,6000,139,0.682
1639,6000,140,0.681
1640,6000,141,0.68
1641,6000,142,0.681
1642,6000,143,0.681
1643,6000,144,0.681
1644,6000,145,0.684
1645,6000,146,0.682
1646,6000,147,0.685
1647,6000,148,0.684
1648,6000,149,0.683
1649,6000,150,0.683
1650,6000,151,0.682
1651,6000,152,0.683
1652,6000,153,0.682
1653,6000,154,0.681
1654,6000,155,0.684
1655,6000,156,0.685
1656,6000,157,0.682
1657,6000,158,0.681
1658,6000,159,0.682
1659,6000,160,0.685
1660,6000,161,0.688
1661,6000,162,0.687
1662,6000,163,0.685
1663,6000,164,0.682
1664,6000,165,0.684
1665,6000,166,0.684
1666,6000,167,0.683
1667,6000,168,0.683
1668,6000,169,0.687
1669,6000,170,0.687
1670,6000,171,0.689
1671,6000,172,0.688
1672,6000,173,0.684
1673,6000,174,0.685
1674,6000,175,0.682
1675,6000,176,0.686
1676,6000,177,0.683
1677,6000,178,0.682
1678,6000,179,0.685
1679,6000,180,0.685
1680,6000,181,0.684
1681,6000,182,0.683
1682,6000,183,0.684
1683,6000,184,0.685
1684,6000,185,0.687
1685,6000,186,0.681
1686,6000,187,0.683
1687,6000,188,0.682
1688,6000,189,0.682
1689,6000,190,0.685
1690,6000,191,0.685
1691,6000,192,0.686
1692,6000,193,0.685
1693,6000,194,0.683
1694,6000,195,0.68
1695,6000,196,0.683
1696,6000,197,0.683
1697,6000,198,0.684
1698,6000,199,0.686
1699,6000,200,0.684
1700,6000,201,0.681
1701,6000,202,0.682
1702,6000,203,0.686
1703,6000,204,0.684
1704,6000,205,0.687
1705,6000,206,0.687
1706,6000,207,0.683
1707,6000,208,0.685
1708,6000,209,0.682
1709,6000,210,0.686
1710,6000,211,0.687
1711,6000,212,0.69
1712,6000,213,0.689
1713,6000,214,0.688
1714,6000,215,0.69
1715,6000,216,0.688
1716,6000,217,0.688
1717,6000,218,0.689
1718,6000,219,0.684
1719,6000,220,0.687
1720,6000,221,0.689
1721,6000,222,0.688
1722,6000,223,0.688
1723,6000,224,0.688
1724,6000,225,0.686
1725,6000,226,0.685
1726,6000,227,0.685
1727,6000,228,0.686
1728,6000,229,0.685
1729,6000,230,0.691
1730,6000,231,0.691
1731,6000,232,0.69
1732,6000,233,0.689
1733,6000,234,0.693
1734,6000,235,0.694
1735,6000,236,0.688
1736,6000,237,0.686
1737,6000,238,0.691
1738,6000,239,0.692
1739,6000,240,0.689
1740,6000,241,0.688
1741,6000,242,0.689
1742,6000,243,0.686
1743,6000,244,0.687
1744,6000,245,0.685
1745,6000,246,0.688
1746,6000,247,0.686
1747,6000,248,0.687
1748,6000,249,0.687
1749,6000,250,0.686
