,size,k_percentage,k,acc
0,500,1,5,0.568
1,500,2,10,0.588
2,500,3,15,0.603
3,500,4,20,0.586
4,500,5,25,0.611
5,500,6,30,0.586
6,500,7,35,0.612
7,500,8,40,0.6
8,500,9,45,0.602
9,500,10,50,0.579
10,500,11,55,0.608
11,500,12,60,0.586
12,500,13,65,0.6
13,500,14,70,0.597
14,500,15,75,0.597
15,500,16,80,0.584
16,500,17,85,0.606
17,500,18,90,0.586
18,500,19,95,0.599
19,500,20,100,0.596
20,500,21,105,0.608
21,500,22,110,0.597
22,500,23,115,0.616
23,500,24,120,0.596
24,500,25,125,0.601
25,500,26,130,0.59
26,500,27,135,0.588
27,500,28,140,0.583
28,500,29,145,0.588
29,500,30,150,0.578
30,500,31,155,0.594
31,500,32,160,0.585
32,500,33,165,0.589
33,500,34,170,0.587
34,500,35,175,0.578
35,500,36,180,0.574
36,500,37,185,0.588
37,500,38,190,0.589
38,500,39,195,0.598
39,500,40,200,0.596
40,500,41,205,0.597
41,500,42,210,0.588
42,500,43,215,0.598
43,500,44,220,0.594
44,500,45,225,0.598
45,500,46,230,0.603
46,500,47,235,0.616
47,500,48,240,0.614
48,500,49,245,0.619
49,500,50,250,0.611
50,500,51,255,0.629
51,500,52,260,0.634
52,500,53,265,0.636
53,500,54,270,0.629
54,500,55,275,0.61
55,500,56,280,0.614
56,500,57,285,0.587
57,500,58,290,0.573
58,500,59,295,0.559
59,500,60,300,0.562
60,500,61,305,0.54
61,500,62,310,0.539
62,500,63,315,0.533
63,500,64,320,0.538
64,500,65,325,0.526
65,500,66,330,0.53
66,500,67,335,0.523
67,500,68,340,0.519
68,500,69,345,0.516
69,500,70,350,0.511
70,500,71,355,0.506
71,500,72,360,0.505
72,500,73,365,0.502
73,500,74,370,0.504
74,500,75,375,0.504
75,500,76,380,0.502
76,500,77,385,0.501
77,500,78,390,0.499
78,500,79,395,0.498
79,500,80,400,0.498
80,500,81,405,0.498
81,500,82,410,0.498
82,500,83,415,0.498
83,500,84,420,0.498
84,500,85,425,0.498
85,500,86,430,0.498
86,500,87,435,0.498
87,500,88,440,0.498
88,500,89,445,0.498
89,500,90,450,0.498
90,500,91,455,0.498
91,500,92,460,0.498
92,500,93,465,0.498
93,500,94,470,0.498
94,500,95,475,0.498
95,500,96,480,0.498
96,500,97,485,0.498
97,500,98,490,0.498
98,500,99,495,0.498
99,500,100,500,0.498
100,1000,1,10,0.5820000000000001
101,1000,2,20,0.597
102,1000,3,30,0.611
103,1000,4,40,0.606
104,1000,5,50,0.615
105,1000,6,60,0.62
106,1000,7,70,0.632
107,1000,8,80,0.635
108,1000,9,90,0.638
109,1000,10,100,0.633
110,1000,11,110,0.647
111,1000,12,120,0.648
112,1000,13,130,0.6459999999999999
113,1000,14,140,0.6459999999999999
114,1000,15,150,0.653
115,1000,16,160,0.664
116,1000,17,170,0.664
117,1000,18,180,0.649
118,1000,19,190,0.659
119,1000,20,200,0.662
120,1000,21,210,0.664
121,1000,22,220,0.6629999999999999
122,1000,23,230,0.648
123,1000,24,240,0.66
124,1000,25,250,0.67
125,1000,26,260,0.6659999999999999
126,1000,27,270,0.662
127,1000,28,280,0.665
128,1000,29,290,0.657
129,1000,30,300,0.6609999999999999
130,1000,31,310,0.6509999999999999
131,1000,32,320,0.638
132,1000,33,330,0.627
133,1000,34,340,0.623
134,1000,35,350,0.625
135,1000,36,360,0.621
136,1000,37,370,0.625
137,1000,38,380,0.607
138,1000,39,390,0.597
139,1000,40,400,0.581
140,1000,41,410,0.5710000000000001
141,1000,42,420,0.57
142,1000,43,430,0.556
143,1000,44,440,0.5539999999999999
144,1000,45,450,0.5479999999999999
145,1000,46,460,0.5379999999999999
146,1000,47,470,0.537
147,1000,48,480,0.536
148,1000,49,490,0.527
149,1000,50,500,0.525
150,1000,51,510,0.524
151,1000,52,520,0.523
152,1000,53,530,0.524
153,1000,54,540,0.525
154,1000,55,550,0.523
155,1000,56,560,0.518
156,1000,57,570,0.516
157,1000,58,580,0.51
158,1000,59,590,0.508
159,1000,60,600,0.509
160,1000,61,610,0.508
161,1000,62,620,0.506
162,1000,63,630,0.504
163,1000,64,640,0.506
164,1000,65,650,0.505
165,1000,66,660,0.503
166,1000,67,670,0.502
167,1000,68,680,0.501
168,1000,69,690,0.501
169,1000,70,700,0.5
170,1000,71,710,0.499
171,1000,72,720,0.49700000000000005
172,1000,73,730,0.499
173,1000,74,740,0.499
174,1000,75,750,0.498
175,1000,76,760,0.498
176,1000,77,770,0.498
177,1000,78,780,0.498
178,1000,79,790,0.498
179,1000,80,800,0.498
180,1000,81,810,0.498
181,1000,82,820,0.498
182,1000,83,830,0.498
183,1000,84,840,0.498
184,1000,85,850,0.498
185,1000,86,860,0.498
186,1000,87,870,0.498
187,1000,88,880,0.498
188,1000,89,890,0.498
189,1000,90,900,0.498
190,1000,91,910,0.498
191,1000,92,920,0.498
192,1000,93,930,0.498
193,1000,94,940,0.498
194,1000,95,950,0.498
195,1000,96,960,0.498
196,1000,97,970,0.498
197,1000,98,980,0.498
198,1000,99,990,0.498
199,1000,100,1000,0.498
200,1500,1,15,0.623
201,1500,2,30,0.624
202,1500,3,45,0.637
203,1500,4,60,0.64
204,1500,5,75,0.659
205,1500,6,90,0.659
206,1500,7,105,0.664
207,1500,8,120,0.671
208,1500,9,135,0.653
209,1500,10,150,0.654
210,1500,11,165,0.664
211,1500,12,180,0.657
212,1500,13,195,0.654
213,1500,14,210,0.661
214,1500,15,225,0.674
215,1500,16,240,0.653
216,1500,17,255,0.659
217,1500,18,270,0.661
218,1500,19,285,0.659
219,1500,20,300,0.674
220,1500,21,315,0.676
221,1500,22,330,0.659
222,1500,23,345,0.668
223,1500,24,360,0.669
224,1500,25,375,0.664
225,1500,26,390,0.674
226,1500,27,405,0.671
227,1500,28,420,0.667
228,1500,29,435,0.657
229,1500,30,450,0.665
230,1500,31,465,0.63
231,1500,32,480,0.625
232,1500,33,495,0.608
233,1500,34,510,0.606
234,1500,35,525,0.595
235,1500,36,540,0.59
236,1500,37,555,0.574
237,1500,38,570,0.573
238,1500,39,585,0.547
239,1500,40,600,0.544
240,1500,41,615,0.529
241,1500,42,630,0.529
242,1500,43,645,0.518
243,1500,44,660,0.525
244,1500,45,675,0.523
245,1500,46,690,0.524
246,1500,47,705,0.514
247,1500,48,720,0.512
248,1500,49,735,0.509
249,1500,50,750,0.507
250,1500,51,765,0.505
251,1500,52,780,0.505
252,1500,53,795,0.503
253,1500,54,810,0.505
254,1500,55,825,0.501
255,1500,56,840,0.504
256,1500,57,855,0.501
257,1500,58,870,0.502
258,1500,59,885,0.501
259,1500,60,900,0.5
260,1500,61,915,0.5
261,1500,62,930,0.5
262,1500,63,945,0.5
263,1500,64,960,0.501
264,1500,65,975,0.501
265,1500,66,990,0.501
266,1500,67,1005,0.5
267,1500,68,1020,0.5
268,1500,69,1035,0.499
269,1500,70,1050,0.499
270,1500,71,1065,0.498
271,1500,72,1080,0.499
272,1500,73,1095,0.499
273,1500,74,1110,0.499
274,1500,75,1125,0.498
275,1500,76,1140,0.499
276,1500,77,1155,0.498
277,1500,78,1170,0.498
278,1500,79,1185,0.498
279,1500,80,1200,0.498
280,1500,81,1215,0.498
281,1500,82,1230,0.498
282,1500,83,1245,0.498
283,1500,84,1260,0.498
284,1500,85,1275,0.498
285,1500,86,1290,0.498
286,1500,87,1305,0.498
287,1500,88,1320,0.498
288,1500,89,1335,0.498
289,1500,90,1350,0.498
290,1500,91,1365,0.498
291,1500,92,1380,0.498
292,1500,93,1395,0.498
293,1500,94,1410,0.498
294,1500,95,1425,0.498
295,1500,96,1440,0.498
296,1500,97,1455,0.498
297,1500,98,1470,0.498
298,1500,99,1485,0.498
299,1500,100,1500,0.498
300,2000,1,20,0.627
301,2000,2,40,0.623
302,2000,3,60,0.643
303,2000,4,80,0.6409999999999999
304,2000,5,100,0.632
305,2000,6,120,0.645
306,2000,7,140,0.655
307,2000,8,160,0.647
308,2000,9,180,0.647
309,2000,10,200,0.653
310,2000,11,220,0.659
311,2000,12,240,0.664
312,2000,13,260,0.665
313,2000,14,280,0.664
314,2000,15,300,0.6709999999999999
315,2000,16,320,0.684
316,2000,17,340,0.682
317,2000,18,360,0.693
318,2000,19,380,0.685
319,2000,20,400,0.685
320,2000,21,420,0.695
321,2000,22,440,0.688
322,2000,23,460,0.685
323,2000,24,480,0.684
324,2000,25,500,0.6859999999999999
325,2000,26,520,0.682
326,2000,27,540,0.6829999999999999
327,2000,28,560,0.6809999999999999
328,2000,29,580,0.67
329,2000,30,600,0.6579999999999999
330,2000,31,620,0.6579999999999999
331,2000,32,640,0.65
332,2000,33,660,0.636
333,2000,34,680,0.628
334,2000,35,700,0.616
335,2000,36,720,0.615
336,2000,37,740,0.601
337,2000,38,760,0.593
338,2000,39,780,0.578
339,2000,40,800,0.569
340,2000,41,820,0.562
341,2000,42,840,0.547
342,2000,43,860,0.5429999999999999
343,2000,44,880,0.5379999999999999
344,2000,45,900,0.534
345,2000,46,920,0.535
346,2000,47,940,0.529
347,2000,48,960,0.523
348,2000,49,980,0.526
349,2000,50,1000,0.521
350,2000,51,1020,0.517
351,2000,52,1040,0.515
352,2000,53,1060,0.513
353,2000,54,1080,0.507
354,2000,55,1100,0.507
355,2000,56,1120,0.504
356,2000,57,1140,0.502
357,2000,58,1160,0.503
358,2000,59,1180,0.502
359,2000,60,1200,0.504
360,2000,61,1220,0.5
361,2000,62,1240,0.501
362,2000,63,1260,0.502
363,2000,64,1280,0.501
364,2000,65,1300,0.501
365,2000,66,1320,0.5
366,2000,67,1340,0.499
367,2000,68,1360,0.499
368,2000,69,1380,0.499
369,2000,70,1400,0.498
370,2000,71,1420,0.499
371,2000,72,1440,0.498
372,2000,73,1460,0.498
373,2000,74,1480,0.498
374,2000,75,1500,0.498
375,2000,76,1520,0.499
376,2000,77,1540,0.498
377,2000,78,1560,0.498
378,2000,79,1580,0.498
379,2000,80,1600,0.498
380,2000,81,1620,0.498
381,2000,82,1640,0.498
382,2000,83,1660,0.498
383,2000,84,1680,0.498
384,2000,85,1700,0.498
385,2000,86,1720,0.498
386,2000,87,1740,0.498
387,2000,88,1760,0.498
388,2000,89,1780,0.498
389,2000,90,1800,0.498
390,2000,91,1820,0.498
391,2000,92,1840,0.498
392,2000,93,1860,0.498
393,2000,94,1880,0.498
394,2000,95,1900,0.498
395,2000,96,1920,0.498
396,2000,97,1940,0.498
397,2000,98,1960,0.498
398,2000,99,1980,0.498
399,2000,100,2000,0.498
400,2500,1,25,0.636
401,2500,2,50,0.631
402,2500,3,75,0.64
403,2500,4,100,0.637
404,2500,5,125,0.651
405,2500,6,150,0.632
406,2500,7,175,0.65
407,2500,8,200,0.64
408,2500,9,225,0.646
409,2500,10,250,0.646
410,2500,11,275,0.651
411,2500,12,300,0.655
412,2500,13,325,0.648
413,2500,14,350,0.653
414,2500,15,375,0.659
415,2500,16,400,0.66
416,2500,17,425,0.676
417,2500,18,450,0.667
418,2500,19,475,0.678
419,2500,20,500,0.689
420,2500,21,525,0.682
421,2500,22,550,0.689
422,2500,23,575,0.685
423,2500,24,600,0.688
424,2500,25,625,0.689
425,2500,26,650,0.676
426,2500,27,675,0.676
427,2500,28,700,0.67
428,2500,29,725,0.672
429,2500,30,750,0.66
430,2500,31,775,0.654
431,2500,32,800,0.651
432,2500,33,825,0.634
433,2500,34,850,0.634
434,2500,35,875,0.624
435,2500,36,900,0.622
436,2500,37,925,0.614
437,2500,38,950,0.603
438,2500,39,975,0.585
439,2500,40,1000,0.581
440,2500,41,1025,0.567
441,2500,42,1050,0.56
442,2500,43,1075,0.549
443,2500,44,1100,0.55
444,2500,45,1125,0.553
445,2500,46,1150,0.555
446,2500,47,1175,0.545
447,2500,48,1200,0.539
448,2500,49,1225,0.533
449,2500,50,1250,0.533
450,2500,51,1275,0.529
451,2500,52,1300,0.526
452,2500,53,1325,0.529
453,2500,54,1350,0.525
454,2500,55,1375,0.521
455,2500,56,1400,0.522
456,2500,57,1425,0.515
457,2500,58,1450,0.512
458,2500,59,1475,0.508
459,2500,60,1500,0.508
460,2500,61,1525,0.506
461,2500,62,1550,0.506
462,2500,63,1575,0.504
463,2500,64,1600,0.503
464,2500,65,1625,0.504
465,2500,66,1650,0.504
466,2500,67,1675,0.503
467,2500,68,1700,0.503
468,2500,69,1725,0.502
469,2500,70,1750,0.5
470,2500,71,1775,0.499
471,2500,72,1800,0.5
472,2500,73,1825,0.5
473,2500,74,1850,0.5
474,2500,75,1875,0.499
475,2500,76,1900,0.499
476,2500,77,1925,0.499
477,2500,78,1950,0.499
478,2500,79,1975,0.498
479,2500,80,2000,0.498
480,2500,81,2025,0.498
481,2500,82,2050,0.498
482,2500,83,2075,0.498
483,2500,84,2100,0.498
484,2500,85,2125,0.498
485,2500,86,2150,0.498
486,2500,87,2175,0.498
487,2500,88,2200,0.498
488,2500,89,2225,0.498
489,2500,90,2250,0.498
490,2500,91,2275,0.498
491,2500,92,2300,0.498
492,2500,93,2325,0.498
493,2500,94,2350,0.498
494,2500,95,2375,0.498
495,2500,96,2400,0.498
496,2500,97,2425,0.498
497,2500,98,2450,0.498
498,2500,99,2475,0.498
499,2500,100,2500,0.498
500,3000,1,30,0.6409999999999999
501,3000,2,60,0.622
502,3000,3,90,0.636
503,3000,4,120,0.634
504,3000,5,150,0.632
505,3000,6,180,0.635
506,3000,7,210,0.642
507,3000,8,240,0.636
508,3000,9,270,0.637
509,3000,10,300,0.639
510,3000,11,330,0.643
511,3000,12,360,0.648
512,3000,13,390,0.649
513,3000,14,420,0.649
514,3000,15,450,0.6559999999999999
515,3000,16,480,0.6629999999999999
516,3000,17,510,0.6629999999999999
517,3000,18,540,0.6709999999999999
518,3000,19,570,0.667
519,3000,20,600,0.682
520,3000,21,630,0.6779999999999999
521,3000,22,660,0.674
522,3000,23,690,0.682
523,3000,24,720,0.6759999999999999
524,3000,25,750,0.682
525,3000,26,780,0.6759999999999999
526,3000,27,810,0.68
527,3000,28,840,0.679
528,3000,29,870,0.6729999999999999
529,3000,30,900,0.68
530,3000,31,930,0.674
531,3000,32,960,0.667
532,3000,33,990,0.6509999999999999
533,3000,34,1020,0.648
534,3000,35,1050,0.633
535,3000,36,1080,0.62
536,3000,37,1110,0.608
537,3000,38,1140,0.597
538,3000,39,1170,0.584
539,3000,40,1200,0.574
540,3000,41,1230,0.5660000000000001
541,3000,42,1260,0.557
542,3000,43,1290,0.5489999999999999
543,3000,44,1320,0.544
544,3000,45,1350,0.542
545,3000,46,1380,0.536
546,3000,47,1410,0.532
547,3000,48,1440,0.527
548,3000,49,1470,0.529
549,3000,50,1500,0.519
550,3000,51,1530,0.522
551,3000,52,1560,0.516
552,3000,53,1590,0.511
553,3000,54,1620,0.507
554,3000,55,1650,0.507
555,3000,56,1680,0.507
556,3000,57,1710,0.509
557,3000,58,1740,0.507
558,3000,59,1770,0.507
559,3000,60,1800,0.506
560,3000,61,1830,0.505
561,3000,62,1860,0.506
562,3000,63,1890,0.505
563,3000,64,1920,0.502
564,3000,65,1950,0.502
565,3000,66,1980,0.503
566,3000,67,2010,0.502
567,3000,68,2040,0.501
568,3000,69,2070,0.501
569,3000,70,2100,0.5
570,3000,71,2130,0.499
571,3000,72,2160,0.5
572,3000,73,2190,0.499
573,3000,74,2220,0.5
574,3000,75,2250,0.499
575,3000,76,2280,0.499
576,3000,77,2310,0.499
577,3000,78,2340,0.499
578,3000,79,2370,0.499
579,3000,80,2400,0.499
580,3000,81,2430,0.498
581,3000,82,2460,0.498
582,3000,83,2490,0.498
583,3000,84,2520,0.498
584,3000,85,2550,0.498
585,3000,86,2580,0.498
586,3000,87,2610,0.498
587,3000,88,2640,0.498
588,3000,89,2670,0.498
589,3000,90,2700,0.498
590,3000,91,2730,0.498
591,3000,92,2760,0.498
592,3000,93,2790,0.498
593,3000,94,2820,0.498
594,3000,95,2850,0.498
595,3000,96,2880,0.498
596,3000,97,2910,0.498
597,3000,98,2940,0.498
598,3000,99,2970,0.498
599,3000,100,3000,0.498
600,3500,1,35,0.64
601,3500,2,70,0.643
602,3500,3,105,0.655
603,3500,4,140,0.639
604,3500,5,175,0.64
605,3500,6,210,0.638
606,3500,7,245,0.649
607,3500,8,280,0.646
608,3500,9,315,0.649
609,3500,10,350,0.648
610,3500,11,385,0.65
611,3500,12,420,0.65
612,3500,13,455,0.655
613,3500,14,490,0.656
614,3500,15,525,0.662
615,3500,16,560,0.656
616,3500,17,595,0.665
617,3500,18,630,0.669
618,3500,19,665,0.672
619,3500,20,700,0.679
620,3500,21,735,0.671
621,3500,22,770,0.674
622,3500,23,805,0.683
623,3500,24,840,0.688
624,3500,25,875,0.689
625,3500,26,910,0.688
626,3500,27,945,0.698
627,3500,28,980,0.692
628,3500,29,1015,0.689
629,3500,30,1050,0.697
630,3500,31,1085,0.701
631,3500,32,1120,0.684
632,3500,33,1155,0.667
633,3500,34,1190,0.673
634,3500,35,1225,0.668
635,3500,36,1260,0.662
636,3500,37,1295,0.641
637,3500,38,1330,0.631
638,3500,39,1365,0.619
639,3500,40,1400,0.606
640,3500,41,1435,0.6
641,3500,42,1470,0.581
642,3500,43,1505,0.573
643,3500,44,1540,0.565
644,3500,45,1575,0.561
645,3500,46,1610,0.55
646,3500,47,1645,0.541
647,3500,48,1680,0.539
648,3500,49,1715,0.533
649,3500,50,1750,0.532
650,3500,51,1785,0.527
651,3500,52,1820,0.524
652,3500,53,1855,0.52
653,3500,54,1890,0.518
654,3500,55,1925,0.511
655,3500,56,1960,0.513
656,3500,57,1995,0.511
657,3500,58,2030,0.509
658,3500,59,2065,0.508
659,3500,60,2100,0.509
660,3500,61,2135,0.507
661,3500,62,2170,0.503
662,3500,63,2205,0.506
663,3500,64,2240,0.506
664,3500,65,2275,0.504
665,3500,66,2310,0.505
666,3500,67,2345,0.504
667,3500,68,2380,0.503
668,3500,69,2415,0.503
669,3500,70,2450,0.502
670,3500,71,2485,0.501
671,3500,72,2520,0.501
672,3500,73,2555,0.501
673,3500,74,2590,0.5
674,3500,75,2625,0.5
675,3500,76,2660,0.499
676,3500,77,2695,0.499
677,3500,78,2730,0.499
678,3500,79,2765,0.499
679,3500,80,2800,0.499
680,3500,81,2835,0.499
681,3500,82,2870,0.498
682,3500,83,2905,0.498
683,3500,84,2940,0.498
684,3500,85,2975,0.498
685,3500,86,3010,0.498
686,3500,87,3045,0.498
687,3500,88,3080,0.498
688,3500,89,3115,0.498
689,3500,90,3150,0.498
690,3500,91,3185,0.498
691,3500,92,3220,0.498
692,3500,93,3255,0.498
693,3500,94,3290,0.498
694,3500,95,3325,0.498
695,3500,96,3360,0.498
696,3500,97,3395,0.498
697,3500,98,3430,0.498
698,3500,99,3465,0.498
699,3500,100,3500,0.498
700,4000,1,40,0.6559999999999999
701,4000,2,80,0.645
702,4000,3,120,0.6609999999999999
703,4000,4,160,0.652
704,4000,5,200,0.648
705,4000,6,240,0.645
706,4000,7,280,0.65
707,4000,8,320,0.654
708,4000,9,360,0.644
709,4000,10,400,0.6509999999999999
710,4000,11,440,0.652
711,4000,12,480,0.662
712,4000,13,520,0.6729999999999999
713,4000,14,560,0.67
714,4000,15,600,0.6679999999999999
715,4000,16,640,0.675
716,4000,17,680,0.6779999999999999
717,4000,18,720,0.674
718,4000,19,760,0.679
719,4000,20,800,0.691
720,4000,21,840,0.6890000000000001
721,4000,22,880,0.6809999999999999
722,4000,23,920,0.693
723,4000,24,960,0.695
724,4000,25,1000,0.693
725,4000,26,1040,0.691
726,4000,27,1080,0.6890000000000001
727,4000,28,1120,0.703
728,4000,29,1160,0.6970000000000001
729,4000,30,1200,0.696
730,4000,31,1240,0.691
731,4000,32,1280,0.6890000000000001
732,4000,33,1320,0.67
733,4000,34,1360,0.67
734,4000,35,1400,0.66
735,4000,36,1440,0.649
736,4000,37,1480,0.633
737,4000,38,1520,0.632
738,4000,39,1560,0.616
739,4000,40,1600,0.607
740,4000,41,1640,0.594
741,4000,42,1680,0.586
742,4000,43,1720,0.5710000000000001
743,4000,44,1760,0.5660000000000001
744,4000,45,1800,0.5670000000000001
745,4000,46,1840,0.5539999999999999
746,4000,47,1880,0.55
747,4000,48,1920,0.5429999999999999
748,4000,49,1960,0.54
749,4000,50,2000,0.539
750,4000,51,2040,0.528
751,4000,52,2080,0.526
752,4000,53,2120,0.523
753,4000,54,2160,0.522
754,4000,55,2200,0.517
755,4000,56,2240,0.516
756,4000,57,2280,0.514
757,4000,58,2320,0.512
758,4000,59,2360,0.517
759,4000,60,2400,0.513
760,4000,61,2440,0.509
761,4000,62,2480,0.51
762,4000,63,2520,0.51
763,4000,64,2560,0.509
764,4000,65,2600,0.51
765,4000,66,2640,0.512
766,4000,67,2680,0.509
767,4000,68,2720,0.509
768,4000,69,2760,0.508
769,4000,70,2800,0.505
770,4000,71,2840,0.504
771,4000,72,2880,0.503
772,4000,73,2920,0.503
773,4000,74,2960,0.503
774,4000,75,3000,0.502
775,4000,76,3040,0.502
776,4000,77,3080,0.501
777,4000,78,3120,0.5
778,4000,79,3160,0.499
779,4000,80,3200,0.499
780,4000,81,3240,0.499
781,4000,82,3280,0.499
782,4000,83,3320,0.499
783,4000,84,3360,0.499
784,4000,85,3400,0.499
785,4000,86,3440,0.499
786,4000,87,3480,0.499
787,4000,88,3520,0.499
788,4000,89,3560,0.499
789,4000,90,3600,0.499
790,4000,91,3640,0.499
791,4000,92,3680,0.498
792,4000,93,3720,0.498
793,4000,94,3760,0.498
794,4000,95,3800,0.498
795,4000,96,3840,0.498
796,4000,97,3880,0.498
797,4000,98,3920,0.498
798,4000,99,3960,0.498
799,4000,100,4000,0.498
800,4500,1,45,0.664
801,4500,2,90,0.653
802,4500,3,135,0.661
803,4500,4,180,0.649
804,4500,5,225,0.654
805,4500,6,270,0.642
806,4500,7,315,0.648
807,4500,8,360,0.646
808,4500,9,405,0.645
809,4500,10,450,0.653
810,4500,11,495,0.653
811,4500,12,540,0.653
812,4500,13,585,0.663
813,4500,14,630,0.665
814,4500,15,675,0.665
815,4500,16,720,0.666
816,4500,17,765,0.681
817,4500,18,810,0.676
818,4500,19,855,0.686
819,4500,20,900,0.685
820,4500,21,945,0.68
821,4500,22,990,0.673
822,4500,23,1035,0.684
823,4500,24,1080,0.685
824,4500,25,1125,0.687
825,4500,26,1170,0.683
826,4500,27,1215,0.698
827,4500,28,1260,0.694
828,4500,29,1305,0.691
829,4500,30,1350,0.691
830,4500,31,1395,0.698
831,4500,32,1440,0.696
832,4500,33,1485,0.69
833,4500,34,1530,0.689
834,4500,35,1575,0.678
835,4500,36,1620,0.67
836,4500,37,1665,0.658
837,4500,38,1710,0.654
838,4500,39,1755,0.648
839,4500,40,1800,0.637
840,4500,41,1845,0.63
841,4500,42,1890,0.619
842,4500,43,1935,0.605
843,4500,44,1980,0.598
844,4500,45,2025,0.587
845,4500,46,2070,0.588
846,4500,47,2115,0.578
847,4500,48,2160,0.57
848,4500,49,2205,0.564
849,4500,50,2250,0.555
850,4500,51,2295,0.549
851,4500,52,2340,0.555
852,4500,53,2385,0.543
853,4500,54,2430,0.545
854,4500,55,2475,0.541
855,4500,56,2520,0.538
856,4500,57,2565,0.531
857,4500,58,2610,0.527
858,4500,59,2655,0.522
859,4500,60,2700,0.523
860,4500,61,2745,0.517
861,4500,62,2790,0.522
862,4500,63,2835,0.523
863,4500,64,2880,0.52
864,4500,65,2925,0.518
865,4500,66,2970,0.517
866,4500,67,3015,0.518
867,4500,68,3060,0.519
868,4500,69,3105,0.519
869,4500,70,3150,0.518
870,4500,71,3195,0.515
871,4500,72,3240,0.512
872,4500,73,3285,0.511
873,4500,74,3330,0.511
874,4500,75,3375,0.51
875,4500,76,3420,0.504
876,4500,77,3465,0.502
877,4500,78,3510,0.503
878,4500,79,3555,0.503
879,4500,80,3600,0.503
880,4500,81,3645,0.501
881,4500,82,3690,0.501
882,4500,83,3735,0.501
883,4500,84,3780,0.501
884,4500,85,3825,0.502
885,4500,86,3870,0.499
886,4500,87,3915,0.499
887,4500,88,3960,0.499
888,4500,89,4005,0.499
889,4500,90,4050,0.499
890,4500,91,4095,0.498
891,4500,92,4140,0.499
892,4500,93,4185,0.499
893,4500,94,4230,0.5
894,4500,95,4275,0.499
895,4500,96,4320,0.499
896,4500,97,4365,0.498
897,4500,98,4410,0.498
898,4500,99,4455,0.498
899,4500,100,4500,0.498
900,5000,1,50,0.665
901,5000,2,100,0.638
902,5000,3,150,0.6579999999999999
903,5000,4,200,0.649
904,5000,5,250,0.6459999999999999
905,5000,6,300,0.648
906,5000,7,350,0.648
907,5000,8,400,0.642
908,5000,9,450,0.643
909,5000,10,500,0.6509999999999999
910,5000,11,550,0.652
911,5000,12,600,0.65
912,5000,13,650,0.65
913,5000,14,700,0.655
914,5000,15,750,0.659
915,5000,16,800,0.66
916,5000,17,850,0.667
917,5000,18,900,0.669
918,5000,19,950,0.6729999999999999
919,5000,20,1000,0.68
920,5000,21,1050,0.68
921,5000,22,1100,0.679
922,5000,23,1150,0.6859999999999999
923,5000,24,1200,0.687
924,5000,25,1250,0.685
925,5000,26,1300,0.691
926,5000,27,1350,0.691
927,5000,28,1400,0.688
928,5000,29,1450,0.69
929,5000,30,1500,0.6890000000000001
930,5000,31,1550,0.696
931,5000,32,1600,0.688
932,5000,33,1650,0.6809999999999999
933,5000,34,1700,0.6779999999999999
934,5000,35,1750,0.667
935,5000,36,1800,0.655
936,5000,37,1850,0.647
937,5000,38,1900,0.643
938,5000,39,1950,0.633
939,5000,40,2000,0.627
940,5000,41,2050,0.614
941,5000,42,2100,0.608
942,5000,43,2150,0.597
943,5000,44,2200,0.5870000000000001
944,5000,45,2250,0.578
945,5000,46,2300,0.5710000000000001
946,5000,47,2350,0.565
947,5000,48,2400,0.562
948,5000,49,2450,0.555
949,5000,50,2500,0.547
950,5000,51,2550,0.539
951,5000,52,2600,0.541
952,5000,53,2650,0.5329999999999999
953,5000,54,2700,0.531
954,5000,55,2750,0.532
955,5000,56,2800,0.528
956,5000,57,2850,0.519
957,5000,58,2900,0.521
958,5000,59,2950,0.517
959,5000,60,3000,0.52
960,5000,61,3050,0.52
961,5000,62,3100,0.516
962,5000,63,3150,0.515
963,5000,64,3200,0.517
964,5000,65,3250,0.517
965,5000,66,3300,0.515
966,5000,67,3350,0.512
967,5000,68,3400,0.514
968,5000,69,3450,0.511
969,5000,70,3500,0.509
970,5000,71,3550,0.508
971,5000,72,3600,0.507
972,5000,73,3650,0.508
973,5000,74,3700,0.506
974,5000,75,3750,0.505
975,5000,76,3800,0.504
976,5000,77,3850,0.503
977,5000,78,3900,0.503
978,5000,79,3950,0.501
979,5000,80,4000,0.501
980,5000,81,4050,0.5
981,5000,82,4100,0.5
982,5000,83,4150,0.501
983,5000,84,4200,0.501
984,5000,85,4250,0.501
985,5000,86,4300,0.5
986,5000,87,4350,0.499
987,5000,88,4400,0.499
988,5000,89,4450,0.499
989,5000,90,4500,0.499
990,5000,91,4550,0.499
991,5000,92,4600,0.499
992,5000,93,4650,0.499
993,5000,94,4700,0.498
994,5000,95,4750,0.498
995,5000,96,4800,0.498
996,5000,97,4850,0.498
997,5000,98,4900,0.498
998,5000,99,4950,0.498
999,5000,100,5000,0.498
1000,5500,1,55,0.654
1001,5500,2,110,0.651
1002,5500,3,165,0.663
1003,5500,4,220,0.657
1004,5500,5,275,0.651
1005,5500,6,330,0.648
1006,5500,7,385,0.646
1007,5500,8,440,0.654
1008,5500,9,495,0.647
1009,5500,10,550,0.648
1010,5500,11,605,0.65
1011,5500,12,660,0.658
1012,5500,13,715,0.66
1013,5500,14,770,0.657
1014,5500,15,825,0.671
1015,5500,16,880,0.664
1016,5500,17,935,0.671
1017,5500,18,990,0.682
1018,5500,19,1045,0.676
1019,5500,20,1100,0.685
1020,5500,21,1155,0.684
1021,5500,22,1210,0.681
1022,5500,23,1265,0.676
1023,5500,24,1320,0.68
1024,5500,25,1375,0.682
1025,5500,26,1430,0.687
1026,5500,27,1485,0.688
1027,5500,28,1540,0.686
1028,5500,29,1595,0.687
1029,5500,30,1650,0.685
1030,5500,31,1705,0.679
1031,5500,32,1760,0.674
1032,5500,33,1815,0.656
1033,5500,34,1870,0.66
1034,5500,35,1925,0.642
1035,5500,36,1980,0.636
1036,5500,37,2035,0.628
1037,5500,38,2090,0.626
1038,5500,39,2145,0.614
1039,5500,40,2200,0.604
1040,5500,41,2255,0.591
1041,5500,42,2310,0.596
1042,5500,43,2365,0.582
1043,5500,44,2420,0.578
1044,5500,45,2475,0.569
1045,5500,46,2530,0.568
1046,5500,47,2585,0.56
1047,5500,48,2640,0.555
1048,5500,49,2695,0.548
1049,5500,50,2750,0.54
1050,5500,51,2805,0.538
1051,5500,52,2860,0.531
1052,5500,53,2915,0.527
1053,5500,54,2970,0.528
1054,5500,55,3025,0.523
1055,5500,56,3080,0.523
1056,5500,57,3135,0.515
1057,5500,58,3190,0.512
1058,5500,59,3245,0.512
1059,5500,60,3300,0.51
1060,5500,61,3355,0.511
1061,5500,62,3410,0.508
1062,5500,63,3465,0.507
1063,5500,64,3520,0.505
1064,5500,65,3575,0.507
1065,5500,66,3630,0.507
1066,5500,67,3685,0.506
1067,5500,68,3740,0.506
1068,5500,69,3795,0.507
1069,5500,70,3850,0.505
1070,5500,71,3905,0.5
1071,5500,72,3960,0.5
1072,5500,73,4015,0.499
1073,5500,74,4070,0.501
1074,5500,75,4125,0.501
1075,5500,76,4180,0.499
1076,5500,77,4235,0.499
1077,5500,78,4290,0.499
1078,5500,79,4345,0.499
1079,5500,80,4400,0.499
1080,5500,81,4455,0.499
1081,5500,82,4510,0.499
1082,5500,83,4565,0.498
1083,5500,84,4620,0.499
1084,5500,85,4675,0.498
1085,5500,86,4730,0.498
1086,5500,87,4785,0.498
1087,5500,88,4840,0.498
1088,5500,89,4895,0.498
1089,5500,90,4950,0.498
1090,5500,91,5005,0.498
1091,5500,92,5060,0.498
1092,5500,93,5115,0.498
1093,5500,94,5170,0.498
1094,5500,95,5225,0.498
1095,5500,96,5280,0.498
1096,5500,97,5335,0.498
1097,5500,98,5390,0.498
1098,5500,99,5445,0.498
1099,5500,100,5500,0.498
1100,6000,1,60,0.6629999999999999
1101,6000,2,120,0.652
1102,6000,3,180,0.6559999999999999
1103,6000,4,240,0.653
1104,6000,5,300,0.6459999999999999
1105,6000,6,360,0.647
1106,6000,7,420,0.652
1107,6000,8,480,0.65
1108,6000,9,540,0.652
1109,6000,10,600,0.655
1110,6000,11,660,0.643
1111,6000,12,720,0.6509999999999999
1112,6000,13,780,0.655
1113,6000,14,840,0.662
1114,6000,15,900,0.672
1115,6000,16,960,0.674
1116,6000,17,1020,0.6759999999999999
1117,6000,18,1080,0.682
1118,6000,19,1140,0.6759999999999999
1119,6000,20,1200,0.679
1120,6000,21,1260,0.6859999999999999
1121,6000,22,1320,0.682
1122,6000,23,1380,0.685
1123,6000,24,1440,0.6779999999999999
1124,6000,25,1500,0.6829999999999999
1125,6000,26,1560,0.69
1126,6000,27,1620,0.6829999999999999
1127,6000,28,1680,0.6829999999999999
1128,6000,29,1740,0.69
1129,6000,30,1800,0.687
1130,6000,31,1860,0.685
1131,6000,32,1920,0.6759999999999999
1132,6000,33,1980,0.67
1133,6000,34,2040,0.672
1134,6000,35,2100,0.6609999999999999
1135,6000,36,2160,0.653
1136,6000,37,2220,0.647
1137,6000,38,2280,0.645
1138,6000,39,2340,0.634
1139,6000,40,2400,0.624
1140,6000,41,2460,0.617
1141,6000,42,2520,0.613
1142,6000,43,2580,0.594
1143,6000,44,2640,0.591
1144,6000,45,2700,0.59
1145,6000,46,2760,0.578
1146,6000,47,2820,0.5760000000000001
1147,6000,48,2880,0.569
1148,6000,49,2940,0.565
1149,6000,50,3000,0.552
1150,6000,51,3060,0.552
1151,6000,52,3120,0.545
1152,6000,53,3180,0.541
1153,6000,54,3240,0.54
1154,6000,55,3300,0.535
1155,6000,56,3360,0.535
1156,6000,57,3420,0.531
1157,6000,58,3480,0.531
1158,6000,59,3540,0.524
1159,6000,60,3600,0.52
1160,6000,61,3660,0.518
1161,6000,62,3720,0.518
1162,6000,63,3780,0.518
1163,6000,64,3840,0.512
1164,6000,65,3900,0.511
1165,6000,66,3960,0.512
1166,6000,67,4020,0.512
1167,6000,68,4080,0.513
1168,6000,69,4140,0.511
1169,6000,70,4200,0.509
1170,6000,71,4260,0.508
1171,6000,72,4320,0.507
1172,6000,73,4380,0.506
1173,6000,74,4440,0.503
1174,6000,75,4500,0.504
1175,6000,76,4560,0.502
1176,6000,77,4620,0.502
1177,6000,78,4680,0.502
1178,6000,79,4740,0.5
1179,6000,80,4800,0.499
1180,6000,81,4860,0.498
1181,6000,82,4920,0.498
1182,6000,83,4980,0.499
1183,6000,84,5040,0.499
1184,6000,85,5100,0.499
1185,6000,86,5160,0.5
1186,6000,87,5220,0.499
1187,6000,88,5280,0.499
1188,6000,89,5340,0.499
1189,6000,90,5400,0.499
1190,6000,91,5460,0.499
1191,6000,92,5520,0.499
1192,6000,93,5580,0.498
1193,6000,94,5640,0.498
1194,6000,95,5700,0.498
1195,6000,96,5760,0.498
1196,6000,97,5820,0.498
1197,6000,98,5880,0.498
1198,6000,99,5940,0.498
1199,6000,100,6000,0.498
