,k,acc
0,50,0.66
1,100,0.645
2,150,0.651
3,200,0.641
4,250,0.643
5,300,0.644
6,350,0.649
7,400,0.641
8,450,0.638
9,500,0.654
10,550,0.649
11,600,0.649
12,650,0.649
13,700,0.653
14,750,0.657
15,800,0.657
16,850,0.668
17,900,0.669
18,950,0.671
19,1000,0.679
20,1050,0.682
21,1100,0.682
22,1150,0.688
23,1200,0.684
24,1250,0.682
25,1300,0.686
26,1350,0.693
27,1400,0.69
28,1450,0.694
29,1500,0.694
30,1550,0.696
31,1600,0.696
32,1650,0.692
33,1700,0.677
34,1750,0.677
35,1800,0.654
36,1850,0.649
37,1900,0.638
38,1950,0.639
39,2000,0.628
40,2050,0.614
41,2100,0.608
42,2150,0.597
43,2200,0.585
44,2250,0.578
45,2300,0.571
46,2350,0.567
47,2400,0.561
48,2450,0.558
49,2500,0.548
50,2550,0.542
51,2600,0.542
52,2650,0.536
53,2700,0.529
54,2750,0.532
55,2800,0.528
56,2850,0.522
57,2900,0.522
58,2950,0.521
59,3000,0.517
60,3050,0.517
61,3100,0.516
62,3150,0.517
63,3200,0.515
64,3250,0.515
65,3300,0.515
66,3350,0.513
67,3400,0.512
68,3450,0.51
69,3500,0.509
70,3550,0.509
71,3600,0.508
72,3650,0.508
73,3700,0.505
74,3750,0.504
75,3800,0.504
76,3850,0.504
77,3900,0.502
78,3950,0.501
79,4000,0.501
80,4050,0.5
81,4100,0.499
82,4150,0.501
83,4200,0.501
84,4250,0.501
85,4300,0.5
86,4350,0.499
87,4400,0.499
88,4450,0.499
89,4500,0.499
90,4550,0.499
91,4600,0.499
92,4650,0.499
93,4700,0.498
94,4750,0.498
95,4800,0.498
96,4850,0.498
97,4900,0.498
98,4950,0.498
99,5000,0.498
